function BVmap= colormap_loadBV()
BVmap = ...
    [0.384313725490196,0,0.411764705882353;
    0.302941176470588,0,0.417647058823529;
    0.221568627450980,0,0.423529411764706;
    0.140196078431373,0,0.429411764705882;
    0.0588235294117647,0,0.435294117647059;
    0.0588235294117647,0,0.435294117647059;
    0.0588235294117647,0,0.435294117647059;
    0.0588235294117647,0,0.435294117647059;
    0.0588235294117647,0,0.435294117647059;
    0.0470588235294118,0.0133333333333333,0.548235294117647;
    0.0352941176470588,0.0266666666666667,0.661176470588235;
    0.0235294117647059,0.0400000000000000,0.774117647058824;
    0.0117647058823529,0.0533333333333333,0.887058823529412;
    0,0.0666666666666667,1;
    0,0.0666666666666667,1;
    0,0.0666666666666667,1;
    0,0.0666666666666667,1;
    0,0.0666666666666667,1;
    0.0137254901960784,0.127450980392157,1;
    0.0274509803921569,0.188235294117647,1;
    0.0411764705882353,0.249019607843137,1;
    0.0549019607843137,0.309803921568627,1;
    0.0549019607843137,0.309803921568627,1;
    0.0549019607843137,0.309803921568627,1;
    0.0549019607843137,0.309803921568627,1;
    0.0549019607843137,0.309803921568627,1;
    0.0411764705882353,0.232352941176471,0.750000000000000;
    0.0274509803921569,0.154901960784314,0.500000000000000;
    0.0137254901960784,0.0774509803921569,0.250000000000000;
    0,0,0;
    0,0,0;
    0,0,0;
    0,0,0;
    0,0,0;
    0,0,0;
    0.0333333333333333,0.250000000000000,0;
    0.0666666666666667,0.500000000000000,0;
    0.100000000000000,0.750000000000000,0;
    0.133333333333333,1,0;
    0.133333333333333,1,0;
    0.133333333333333,1,0;
    0.133333333333333,1,0;
    0.133333333333333,1,0;
    0.342156862745098,1,0;
    0.550980392156863,1,0;
    0.759803921568627,1,0;
    0.968627450980392,1,0;
    0.968627450980392,1,0;
    0.968627450980392,1,0;
    0.968627450980392,1,0;
    0.968627450980392,1,0;
    0.964705882352941,0.814901960784314,0.0149019607843137;
    0.960784313725490,0.629803921568627,0.0298039215686275;
    0.956862745098039,0.444705882352941,0.0447058823529412;
    0.952941176470588,0.259607843137255,0.0596078431372549;
    0.949019607843137,0.0745098039215686,0.0745098039215686;
    0.949019607843137,0.0745098039215686,0.0745098039215686;
    0.949019607843137,0.0745098039215686,0.0745098039215686;
    0.949019607843137,0.0745098039215686,0.0745098039215686;
    0.949019607843137,0.0745098039215686,0.0745098039215686;
    0.961764705882353,0.122549019607843,0.190196078431373;
    0.974509803921569,0.170588235294118,0.305882352941177;
    0.987254901960784,0.218627450980392,0.421568627450980;
    1,0.266666666666667,0.537254901960784]; 
end